Frequency (Hz),Insertion Gain (dB),Noise Figure (dB)
+00010E+06,+90000E+06,+90099E+06
+00020E+06,+90000E+06,+90099E+06
+00030E+06,+21650E-03,+23741E-03
+00040E+06,+39369E-03,+07770E-03
+00050E+06,+39628E-03,+06705E-03
+00060E+06,+39612E-03,+05835E-03
+00070E+06,+39559E-03,+04752E-03
+00080E+06,+39376E-03,+04329E-03
+00090E+06,+39247E-03,+04294E-03
+00100E+06,+39325E-03,+04119E-03
+00110E+06,+39573E-03,+03928E-03
+00120E+06,+39673E-03,+03796E-03
+00130E+06,+39771E-03,+03546E-03
+00140E+06,+39823E-03,+03339E-03
+00150E+06,+39594E-03,+03173E-03
+00160E+06,+39316E-03,+03171E-03
+00170E+06,+39257E-03,+03080E-03
+00180E+06,+39314E-03,+02994E-03
+00190E+06,+39458E-03,+02977E-03
+00200E+06,+39573E-03,+02895E-03
+00210E+06,+39482E-03,+02909E-03
+00220E+06,+39361E-03,+02800E-03
+00230E+06,+39258E-03,+02772E-03
+00240E+06,+39306E-03,+02752E-03
+00250E+06,+39454E-03,+02693E-03
+00260E+06,+39489E-03,+02714E-03
+00270E+06,+39449E-03,+02676E-03
+00280E+06,+39290E-03,+02738E-03
+00290E+06,+39219E-03,+02786E-03
+00300E+06,+39191E-03,+02831E-03
+00310E+06,+39230E-03,+02843E-03
+00320E+06,+39233E-03,+02878E-03
+00330E+06,+39127E-03,+02895E-03
+00340E+06,+39014E-03,+02896E-03
+00350E+06,+38931E-03,+02990E-03
+00360E+06,+38961E-03,+03027E-03
+00370E+06,+38969E-03,+03103E-03
+00380E+06,+38900E-03,+03300E-03
+00390E+06,+38834E-03,+03433E-03
+00400E+06,+38606E-03,+03623E-03
+00410E+06,+38294E-03,+03875E-03
+00420E+06,+37961E-03,+04140E-03
+00430E+06,+37764E-03,+04349E-03
+00440E+06,+37420E-03,+04595E-03
+00450E+06,+36922E-03,+04874E-03
+00460E+06,+36217E-03,+05127E-03
+00470E+06,+35608E-03,+05500E-03
+00480E+06,+35091E-03,+06203E-03
+00490E+06,+34318E-03,+07366E-03
+00500E+06,+32677E-03,+09262E-03
+00510E+06,+30153E-03,+11816E-03
+00520E+06,+26142E-03,+15258E-03
+00530E+06,+21503E-03,+19126E-03
+00540E+06,+17191E-03,+22848E-03
+00550E+06,+12107E-03,+27582E-03
+00560E+06,+10047E-03,+29189E-03
+00570E+06,+09660E-03,+29049E-03
+00580E+06,+09529E-03,+28879E-03
+00590E+06,+09354E-03,+29125E-03
+00600E+06,+09620E-03,+29108E-03
+00610E+06,+08935E-03,+29872E-03
+00620E+06,+08413E-03,+30252E-03
+00630E+06,+07238E-03,+31449E-03
+00640E+06,+08266E-03,+30836E-03
+00650E+06,+90000E+06,+90099E+06
+00660E+06,+90000E+06,+90099E+06
+00670E+06,+07535E-03,+31935E-03
+00680E+06,+90000E+06,+90099E+06
+00690E+06,+90000E+06,+90099E+06
+00700E+06,+90000E+06,+90099E+06
+00710E+06,+90000E+06,+90099E+06
+00720E+06,+90000E+06,+90099E+06
+00730E+06,+90000E+06,+90099E+06
+00740E+06,+07059E-03,+31944E-03
+00750E+06,+90000E+06,+90099E+06
+00760E+06,+90000E+06,+90099E+06
+00770E+06,+90000E+06,+90099E+06
+00780E+06,+90000E+06,+90099E+06
+00790E+06,+06156E-03,+31738E-03
+00800E+06,+90000E+06,+90099E+06
+00810E+06,+05738E-03,+31676E-03
+00820E+06,+90000E+06,+90099E+06
+00830E+06,+90000E+06,+90099E+06
+00840E+06,+90000E+06,+90099E+06
+00850E+06,+90000E+06,+90099E+06
+00860E+06,+90000E+06,+90099E+06
+00870E+06,+90000E+06,+90099E+06
+00880E+06,+90000E+06,+90099E+06
+00890E+06,+90000E+06,+90099E+06
+00900E+06,+90000E+06,+90099E+06
+00910E+06,+90000E+06,+90099E+06
+00920E+06,+90000E+06,+90099E+06
+00930E+06,+90000E+06,+90099E+06
+00940E+06,+90000E+06,+90099E+06
+00950E+06,+90000E+06,+90099E+06
+00960E+06,+90000E+06,+90099E+06
+00970E+06,+90000E+06,+90099E+06
+00980E+06,+90000E+06,+90099E+06
+00990E+06,+90000E+06,+90099E+06
+01000E+06,+90000E+06,+90099E+06
+01010E+06,+90000E+06,+90099E+06
+01020E+06,+90000E+06,+90099E+06
+01030E+06,+90000E+06,+90099E+06
+01040E+06,+90000E+06,+90099E+06
+01050E+06,+90000E+06,+90099E+06
+01060E+06,+90000E+06,+90099E+06
+01070E+06,+90000E+06,+90099E+06
+01080E+06,+90000E+06,+90099E+06
+01090E+06,+90000E+06,+90099E+06
+01100E+06,+90000E+06,+90099E+06
+01110E+06,+90000E+06,+90099E+06
+01120E+06,+90000E+06,+90099E+06
+01130E+06,+90000E+06,+90099E+06
+01140E+06,+90000E+06,+90099E+06
+01150E+06,+90000E+06,+90099E+06
+01160E+06,+90000E+06,+90099E+06
+01170E+06,+90000E+06,+90099E+06
+01180E+06,+90000E+06,+90099E+06
+01190E+06,+90000E+06,+90099E+06
+01200E+06,+90000E+06,+90099E+06
+01210E+06,+90000E+06,+90099E+06
+01220E+06,+90000E+06,+90099E+06
+01230E+06,+90000E+06,+90099E+06
+01240E+06,+90000E+06,+90099E+06
+01250E+06,+90000E+06,+90099E+06
+01260E+06,+90000E+06,+90099E+06
+01270E+06,+90000E+06,+90099E+06
+01280E+06,+90000E+06,+90099E+06
+01290E+06,+90000E+06,+90099E+06
+01300E+06,+90000E+06,+90099E+06
+01310E+06,+90000E+06,+90099E+06
+01320E+06,+90000E+06,+90099E+06
+01330E+06,+90000E+06,+90099E+06
+01340E+06,+90000E+06,+90099E+06
+01350E+06,+90000E+06,+90099E+06
+01360E+06,+90000E+06,+90099E+06
+01370E+06,+90000E+06,+90099E+06
+01380E+06,+90000E+06,+90099E+06
+01390E+06,+90000E+06,+90099E+06
+01400E+06,+90000E+06,+90099E+06
+01410E+06,+90000E+06,+90099E+06
+01420E+06,+90000E+06,+90099E+06
+01430E+06,+90000E+06,+90099E+06
+01440E+06,+90000E+06,+90099E+06
+01450E+06,+90000E+06,+90099E+06
+01460E+06,+90000E+06,+90099E+06
+01470E+06,+90000E+06,+90099E+06
+01480E+06,+90000E+06,+90099E+06
+01490E+06,+90000E+06,+90099E+06
+01500E+06,+90000E+06,+90099E+06
+01510E+06,+90000E+06,+90099E+06
+01520E+06,+90000E+06,+90099E+06
+01530E+06,+90000E+06,+90099E+06
+01540E+06,+90000E+06,+90099E+06
+01550E+06,+90000E+06,+90099E+06
+01560E+06,+90000E+06,+90099E+06
+01570E+06,+90000E+06,+90099E+06
+01580E+06,+90000E+06,+90099E+06
+01590E+06,+90000E+06,+90099E+06
