Frequency (Hz),Insertion Gain (dB),Noise Figure (dB)
+00010E+06,+09789E-03,+29320E-03
+00020E+06,+08121E-03,+31605E-03
+00030E+06,+21947E-03,+16843E-03
+00040E+06,+39031E-03,+02293E-03
+00050E+06,+39363E-03,+01810E-03
+00060E+06,+39312E-03,+01644E-03
+00070E+06,+39196E-03,+01587E-03
+00080E+06,+39039E-03,+01537E-03
+00090E+06,+38925E-03,+01552E-03
+00100E+06,+39040E-03,+01545E-03
+00110E+06,+39244E-03,+01510E-03
+00120E+06,+39405E-03,+01463E-03
+00130E+06,+39501E-03,+01440E-03
+00140E+06,+39471E-03,+01441E-03
+00150E+06,+39263E-03,+01470E-03
+00160E+06,+39054E-03,+01518E-03
+00170E+06,+39004E-03,+01605E-03
+00180E+06,+39084E-03,+01685E-03
+00190E+06,+39209E-03,+01718E-03
+00200E+06,+39279E-03,+01754E-03
+00210E+06,+39196E-03,+01757E-03
+00220E+06,+39055E-03,+01793E-03
+00230E+06,+39003E-03,+01750E-03
+00240E+06,+39087E-03,+01818E-03
+00250E+06,+39175E-03,+01873E-03
+00260E+06,+39176E-03,+01910E-03
+00270E+06,+39141E-03,+01913E-03
+00280E+06,+39013E-03,+01956E-03
+00290E+06,+38963E-03,+02082E-03
+00300E+06,+38986E-03,+02110E-03
+00310E+06,+39005E-03,+02139E-03
+00320E+06,+39020E-03,+02201E-03
+00330E+06,+38862E-03,+02282E-03
+00340E+06,+38762E-03,+02285E-03
+00350E+06,+38751E-03,+02345E-03
+00360E+06,+38757E-03,+02448E-03
+00370E+06,+38758E-03,+02536E-03
+00380E+06,+38736E-03,+02609E-03
+00390E+06,+38656E-03,+02737E-03
+00400E+06,+38459E-03,+02871E-03
+00410E+06,+38196E-03,+03020E-03
+00420E+06,+37952E-03,+03219E-03
+00430E+06,+37773E-03,+03398E-03
+00440E+06,+37432E-03,+03640E-03
+00450E+06,+36947E-03,+03925E-03
+00460E+06,+36251E-03,+04276E-03
+00470E+06,+35590E-03,+04761E-03
+00480E+06,+35093E-03,+05516E-03
+00490E+06,+34432E-03,+06554E-03
+00500E+06,+33140E-03,+08043E-03
+00510E+06,+31041E-03,+10080E-03
+00520E+06,+27477E-03,+12993E-03
+00530E+06,+23234E-03,+16352E-03
+00540E+06,+18493E-03,+20447E-03
+00550E+06,+14216E-03,+24338E-03
+00560E+06,+10566E-03,+27664E-03
+00570E+06,+08397E-03,+29467E-03
+00580E+06,+08806E-03,+28832E-03
+00590E+06,+09075E-03,+28717E-03
+00600E+06,+08844E-03,+29313E-03
+00610E+06,+08644E-03,+29635E-03
+00620E+06,+07324E-03,+30793E-03
+00630E+06,+09030E-03,+29010E-03
+00640E+06,+07407E-03,+30924E-03
+00650E+06,+90000E+06,+90099E+06
+00660E+06,+90000E+06,+90099E+06
+00670E+06,+06860E-03,+31683E-03
+00680E+06,+90000E+06,+90099E+06
+00690E+06,+06674E-03,+31795E-03
+00700E+06,+90000E+06,+90099E+06
+00710E+06,+07334E-03,+31181E-03
+00720E+06,+07456E-03,+30530E-03
+00730E+06,+06822E-03,+30821E-03
+00740E+06,+07977E-03,+29494E-03
+00750E+06,+07479E-03,+30040E-03
+00760E+06,+05584E-03,+31872E-03
+00770E+06,+05838E-03,+31299E-03
+00780E+06,+06344E-03,+30377E-03
+00790E+06,+07140E-03,+29290E-03
+00800E+06,+04939E-03,+31353E-03
+00810E+06,+90000E+06,+90099E+06
+00820E+06,+90000E+06,+90099E+06
+00830E+06,+05104E-03,+30582E-03
+00840E+06,+90000E+06,+90099E+06
+00850E+06,+90000E+06,+90099E+06
+00860E+06,+90000E+06,+90099E+06
+00870E+06,+90000E+06,+90099E+06
+00880E+06,+90000E+06,+90099E+06
+00890E+06,+90000E+06,+90099E+06
+00900E+06,+90000E+06,+90099E+06
+00910E+06,+90000E+06,+90099E+06
+00920E+06,+90000E+06,+90099E+06
+00930E+06,+90000E+06,+90099E+06
+00940E+06,+90000E+06,+90099E+06
+00950E+06,+90000E+06,+90099E+06
+00960E+06,+90000E+06,+90099E+06
+00970E+06,+90000E+06,+90099E+06
+00980E+06,+90000E+06,+90099E+06
+00990E+06,+90000E+06,+90099E+06
+01000E+06,+90000E+06,+90099E+06
+01010E+06,+90000E+06,+90099E+06
+01020E+06,+90000E+06,+90099E+06
+01030E+06,+90000E+06,+90099E+06
+01040E+06,+90000E+06,+90099E+06
+01050E+06,+90000E+06,+90099E+06
+01060E+06,+90000E+06,+90099E+06
+01070E+06,+90000E+06,+90099E+06
+01080E+06,+90000E+06,+90099E+06
+01090E+06,+90000E+06,+90099E+06
+01100E+06,+90000E+06,+90099E+06
+01110E+06,+90000E+06,+90099E+06
+01120E+06,+90000E+06,+90099E+06
+01130E+06,+90000E+06,+90099E+06
+01140E+06,+90000E+06,+90099E+06
+01150E+06,+90000E+06,+90099E+06
+01160E+06,+90000E+06,+90099E+06
+01170E+06,+90000E+06,+90099E+06
+01180E+06,+90000E+06,+90099E+06
+01190E+06,+90000E+06,+90099E+06
+01200E+06,+90000E+06,+90099E+06
+01210E+06,+90000E+06,+90099E+06
+01220E+06,+90000E+06,+90099E+06
+01230E+06,+90000E+06,+90099E+06
+01240E+06,+90000E+06,+90099E+06
+01250E+06,+90000E+06,+90099E+06
+01260E+06,+90000E+06,+90099E+06
+01270E+06,+90000E+06,+90099E+06
+01280E+06,+90000E+06,+90099E+06
+01290E+06,+90000E+06,+90099E+06
+01300E+06,+90000E+06,+90099E+06
+01310E+06,+90000E+06,+90099E+06
+01320E+06,+90000E+06,+90099E+06
+01330E+06,+90000E+06,+90099E+06
+01340E+06,+90000E+06,+90099E+06
+01350E+06,+90000E+06,+90099E+06
+01360E+06,+90000E+06,+90099E+06
+01370E+06,+90000E+06,+90099E+06
+01380E+06,+90000E+06,+90099E+06
+01390E+06,+90000E+06,+90099E+06
+01400E+06,+90000E+06,+90099E+06
+01410E+06,+90000E+06,+90099E+06
+01420E+06,+90000E+06,+90099E+06
+01430E+06,+90000E+06,+90099E+06
+01440E+06,+90000E+06,+90099E+06
+01450E+06,+90000E+06,+90099E+06
+01460E+06,+90000E+06,+90099E+06
+01470E+06,+90000E+06,+90099E+06
+01480E+06,+90000E+06,+90099E+06
+01490E+06,+90000E+06,+90099E+06
+01500E+06,+90000E+06,+90099E+06
+01510E+06,+90000E+06,+90099E+06
+01520E+06,+90000E+06,+90099E+06
+01530E+06,+90000E+06,+90099E+06
+01540E+06,+90000E+06,+90099E+06
+01550E+06,+90000E+06,+90099E+06
+01560E+06,+90000E+06,+90099E+06
+01570E+06,+90000E+06,+90099E+06
+01580E+06,+90000E+06,+90099E+06
+01590E+06,+90000E+06,+90099E+06
